482
0.025722 0.519572 -0.978691
0.022712 0.536568 -0.837796
0.041947 0.599602 -0.527208
-0.051711 0.701316 -0.109506
-0.069530 0.683556 0.195849
-0.062639 0.637964 0.336232
-0.027834 0.566432 0.704753
0.017699 0.527963 0.864202
-0.015755 0.451807 0.979242
-0.024294 -0.048556 1.489369
0.073702 0.470480 -1.048578
0.086466 0.562064 -0.801223
0.122157 0.623528 -0.543835
0.153919 0.644007 -0.275983
0.141951 0.655107 0.088337
0.161910 0.565472 0.321379
0.186594 0.506655 0.561607
0.199792 0.494306 0.785194
0.162047 0.448014 0.971141
0.147411 0.305562 1.122541
0.154321 0.214302 1.351218
0.083977 0.050284 1.520161
0.070163 -0.066882 1.439409
0.097837 -0.220347 1.414419
0.095317 -0.343008 1.237738
0.098522 0.514126 -1.033624
0.152439 0.546329 -0.846159
0.173997 0.608034 -0.651889
0.280938 0.627853 -0.386997
0.367964 0.596011 -0.086184
0.336106 0.576247 0.196699
0.344315 0.492345 0.436715
0.397150 0.429601 0.811182
0.421081 0.379904 0.975088
0.365418 0.254133 1.126666
0.321888 0.170989 1.260840
0.286653 0.003137 1.349553
0.158901 -0.120022 1.430538
0.138775 -0.237972 1.390158
0.092904 -0.321017 1.312256
0.177419 0.543649 -1.065012
0.222287 0.537219 -0.860850
0.333316 0.522467 -0.602766
0.455972 0.585535 -0.399448
0.537055 0.542534 -0.237222
0.541120 0.529747 0.071912
0.494873 0.496165 0.366633
0.536497 0.403546 0.543610
0.572979 0.311614 0.819737
0.571957 0.219036 0.982766
0.510502 0.067928 1.096541
0.401343 -0.007327 1.232589
0.346829 -0.170560 1.359876
0.271649 -0.247340 1.360586
0.134929 -0.285335 1.377828
0.168763 0.471579 -1.151357
0.280693 0.500127 -0.933330
0.357535 0.527136 -0.698112
0.482329 0.515057 -0.481883
0.581741 0.458768 -0.245258
0.658381 0.420074 -0.011951
0.712392 0.444858 0.206576
0.762021 0.304135 0.468040
0.724266 0.203209 0.773654
0.706762 0.131240 0.879488
0.579478 0.025926 1.081633
0.500444 -0.040634 1.211659
0.460929 -0.133033 1.306643
0.326022 -0.237283 1.293808
0.199338 -0.310241 1.325031
0.201323 0.451107 -1.021975
0.341680 0.407106 -0.940688
0.499447 0.462106 -0.806470
0.568493 0.450686 -0.612481
0.670840 0.416228 -0.414552
0.716892 0.409701 -0.069274
0.764947 0.324110 0.135723
0.791115 0.258240 0.320324
0.770424 0.138316 0.563480
0.756059 0.077776 0.824306
0.712903 -0.086639 0.909643
0.593918 -0.143824 1.079049
0.532420 -0.199603 1.196788
0.335855 -0.308334 1.225442
0.153411 -0.381243 1.277091
0.129007 0.428500 -1.159378
0.363514 0.415582 -0.978963
0.561066 0.374788 -0.960048
0.670711 0.376430 -0.746998
0.802160 0.345061 -0.475271
0.815325 0.313394 -0.222023
0.915397 0.234454 0.020713
0.900669 0.152502 0.221825
0.854818 0.044426 0.450160
0.821843 -0.028138 0.683751
0.768376 -0.162898 0.783445
0.673292 -0.265427 0.903001
0.474326 -0.303246 1.084088
0.323458 -0.356744 1.136061
0.206150 -0.424447 1.301013
0.182496 0.395958 -1.253690
0.403636 0.379853 -1.185697
0.547192 0.349735 -0.985287
0.739920 0.297458 -0.786220
0.798879 0.256318 -0.603044
0.891528 0.225082 -0.328140
0.937476 0.099799 -0.286703
0.963077 0.051899 0.030120
0.945840 -0.064969 0.254486
0.868767 -0.151468 0.528177
0.871974 -0.250556 0.663297
0.769006 -0.273046 0.834823
0.553812 -0.332063 0.962561
0.352515 -0.417146 1.137001
0.224413 -0.435894 1.133846
0.220847 0.346700 -1.224906
0.389284 0.341433 -1.163945
0.529379 0.284515 -1.054202
0.624195 0.240008 -0.945201
0.804798 0.156253 -0.772095
0.899359 0.109561 -0.540408
0.956914 -0.031150 -0.388748
0.980950 -0.085250 -0.103736
0.953576 -0.173829 0.095044
0.948274 -0.198887 0.259822
0.847579 -0.302486 0.477481
0.730604 -0.323169 0.714777
0.522769 -0.385273 0.896023
0.407239 -0.407159 1.061789
0.203015 -0.439383 1.105241
0.289753 0.318902 -1.292719
0.350987 0.312952 -1.186051
0.534578 0.226451 -1.075281
0.627707 0.142161 -0.970063
0.808890 0.065562 -0.881009
0.919333 0.009493 -0.698641
0.968175 -0.103916 -0.531881
0.976759 -0.190293 -0.252900
0.936385 -0.266567 -0.038394
0.842526 -0.318941 0.187464
0.781285 -0.395460 0.449708
0.703563 -0.411061 0.669006
0.550065 -0.451479 0.822113
0.370947 -0.456979 0.961874
0.100365 -0.439008 1.119491
0.213288 0.307671 -1.333367
0.315460 0.230289 -1.323478
0.495871 0.150401 -1.321055
0.630940 0.057366 -1.100712
0.729678 0.002039 -0.998380
0.923345 -0.063851 -0.844088
0.894660 -0.198328 -0.702958
0.931413 -0.256079 -0.451370
0.895366 -0.354303 -0.206925
0.844231 -0.416067 0.085209
0.695301 -0.468896 0.207355
0.664609 -0.442669 0.517461
0.521634 -0.502980 0.723113
0.336859 -0.493328 0.947235
0.175433 -0.481396 1.113601
0.204478 0.354910 -1.323027
0.287570 0.272394 -1.303706
0.361405 0.163623 -1.232356
0.551373 -0.024717 -1.179527
0.733382 -0.122112 -1.126871
0.783673 -0.169310 -0.969166
0.785313 -0.275695 -0.807484
0.837266 -0.320283 -0.557468
0.773558 -0.415841 -0.342706
0.747981 -0.488215 -0.034668
0.713482 -0.520405 0.098420
0.604789 -0.531049 0.419101
0.451418 -0.514046 0.628151
0.328627 -0.518917 0.860432
0.153443 -0.498784 1.043498
0.110377 0.354276 -1.376943
0.256475 0.255416 -1.396549
0.337279 0.149494 -1.348804
0.425335 -0.038080 -1.335049
0.572878 -0.165793 -1.332224
0.600550 -0.239099 -1.031705
0.697732 -0.359996 -0.955016
0.717567 -0.400346 -0.710455
0.612123 -0.497292 -0.461110
0.654336 -0.547268 -0.209912
0.575764 -0.585328 0.052008
0.534954 -0.582384 0.389908
0.371725 -0.594099 0.589519
0.289718 -0.585692 0.807019
0.148168 -0.521507 0.977304
0.087494 0.292775 -1.305145
0.210703 0.206044 -1.389691
0.315425 0.029715 -1.328535
0.384695 -0.092356 -1.383844
0.436080 -0.183788 -1.331811
0.492240 -0.281553 -1.155759
0.517205 -0.410249 -1.135240
0.584518 -0.448652 -0.837455
0.464196 -0.548708 -0.501890
0.484518 -0.606627 -0.246344
0.363065 -0.637718 0.013515
0.347894 -0.627786 0.361410
0.283871 -0.626185 0.536902
0.219531 -0.588094 0.736427
0.167727 -0.538008 0.978381
0.005873 -0.429907 1.171560
0.072946 0.295621 -1.300685
0.215216 0.164414 -1.406582
0.228853 0.057208 -1.402802
0.234477 -0.086090 -1.401473
0.276551 -0.190142 -1.395835
0.372555 -0.309697 -1.235773
0.366000 -0.462613 -1.072295
0.420517 -0.506414 -0.848125
0.339103 -0.602852 -0.648501
0.284477 -0.601103 -0.342139
0.302978 -0.670951 0.065993
0.306997 -0.663544 0.217726
0.178131 -0.612456 0.531118
0.102210 -0.598369 0.795729
0.062796 -0.530153 0.957824
0.032026 0.248926 -1.384032
0.133013 0.155824 -1.441986
0.167104 0.032670 -1.458345
0.177075 -0.026401 -1.457745
0.144492 -0.200923 -1.400785
0.138069 -0.335205 -1.320122
0.170788 -0.433039 -1.064195
0.258487 -0.503664 -0.929040
0.188610 -0.595750 -0.623244
0.128435 -0.615480 -0.320170
0.204736 -0.693587 -0.028610
0.187646 -0.687308 0.209047
0.106535 -0.640006 0.476339
0.054796 -0.591527 0.789483
-0.044396 -0.525003 0.879352
-0.062917 0.298225 -1.375201
-0.015295 0.174148 -1.424178
0.024717 0.023891 -1.380158
0.041442 -0.070263 -1.504209
0.019860 -0.206880 -1.494315
0.044437 -0.365720 -1.286098
-0.037695 -0.436714 -1.052810
-0.005411 -0.521755 -0.858120
-0.000028 -0.573896 -0.585113
0.023269 -0.634096 -0.347315
-0.000732 -0.671457 -0.126662
0.037273 -0.676807 0.244213
0.009343 -0.623283 0.559550
-0.009706 -0.586286 0.790705
-0.059008 -0.516657 0.962662
-0.044429 0.322837 -1.327676
-0.076906 0.219606 -1.431677
-0.085495 0.071010 -1.452622
-0.190266 -0.067441 -1.487064
-0.172221 -0.188315 -1.340233
-0.153626 -0.324954 -1.229961
-0.251338 -0.409205 -0.991450
-0.181110 -0.502121 -0.862678
-0.160665 -0.599325 -0.615960
-0.115033 -0.609630 -0.360144
-0.252359 -0.601845 -0.049101
-0.079171 -0.669185 0.343594
-0.024378 -0.677226 0.546074
-0.082165 -0.607319 0.807964
-0.079194 -0.542777 1.049531
-0.036744 0.342578 -1.236735
-0.135518 0.221614 -1.392750
-0.194731 0.098596 -1.395350
-0.223233 0.012055 -1.376098
-0.293673 -0.114192 -1.202683
-0.356469 -0.289641 -1.204217
-0.424426 -0.380405 -0.954457
-0.346762 -0.488376 -0.757354
-0.321126 -0.501044 -0.493034
-0.314551 -0.569176 -0.283185
-0.391326 -0.572573 0.075363
-0.291168 -0.606589 0.308722
-0.202500 -0.570000 0.652089
-0.152892 -0.558650 0.870196
-0.095073 -0.509282 1.082969
-0.112296 0.339654 -1.255628
-0.191193 0.217593 -1.268371
-0.276930 0.127298 -1.369444
-0.312478 0.013679 -1.282220
-0.418054 -0.059162 -1.196423
-0.496897 -0.198473 -1.014619
-0.541993 -0.311169 -0.876014
-0.590466 -0.432775 -0.725477
-0.533108 -0.473977 -0.418998
-0.470053 -0.520577 -0.170932
-0.424346 -0.533917 0.108372
-0.390790 -0.566564 0.407527
-0.324100 -0.525100 0.602602
-0.201801 -0.525828 0.862195
-0.087972 -0.502982 1.055378
0.001740 0.443683 -1.134083
-0.156119 0.347969 -1.252512
-0.278678 0.285313 -1.282910
-0.376305 0.127221 -1.252752
-0.490515 0.062746 -1.205443
-0.605081 -0.008852 -1.067816
-0.568541 -0.153111 -0.965269
-0.646442 -0.310691 -0.740641
-0.710242 -0.373962 -0.471362
-0.691284 -0.445606 -0.252979
-0.627881 -0.455331 -0.087586
-0.624103 -0.481283 0.206676
-0.503239 -0.526303 0.345660
-0.477937 -0.508435 0.651174
-0.315073 -0.494891 0.852854
-0.089895 -0.519364 1.065624
-0.156440 0.381118 -1.194457
-0.329705 0.310371 -1.225353
-0.483951 0.236368 -1.219377
-0.617554 0.124256 -1.187881
-0.749238 0.065320 -0.858045
-0.724202 -0.078254 -0.801142
-0.770074 -0.203916 -0.570568
-0.745920 -0.309936 -0.332621
-0.783070 -0.338697 -0.071675
-0.740729 -0.397700 0.088576
-0.725029 -0.428283 0.332717
-0.587565 -0.484983 0.443441
-0.464132 -0.486672 0.708072
-0.342187 -0.489050 0.828869
-0.195168 -0.466772 1.076722
-0.165818 0.367671 -1.250690
-0.324674 0.352103 -1.171613
-0.530124 0.271778 -1.134507
-0.704371 0.223922 -1.005522
-0.728016 0.133794 -0.793808
-0.785013 0.034052 -0.694737
-0.896169 -0.039313 -0.418091
-0.907664 -0.167656 -0.206538
-0.815892 -0.251359 0.096390
-0.852828 -0.323863 0.342874
-0.847612 -0.364310 0.489748
-0.660026 -0.388247 0.712967
-0.495452 -0.437506 0.819889
-0.343059 -0.438568 1.014697
-0.178988 -0.444722 1.192598
-0.250592 0.364169 -1.119731
-0.411278 0.385910 -1.036713
-0.561049 0.332138 -1.002129
-0.727206 0.301645 -0.914341
-0.777967 0.208691 -0.603121
-0.848651 0.115600 -0.459902
-0.928871 0.060488 -0.241205
-1.004872 -0.025509 -0.111344
-0.934636 -0.081024 0.198654
-0.889908 -0.206627 0.392362
-0.844728 -0.244060 0.624388
-0.769348 -0.299973 0.862938
-0.572852 -0.347615 1.004202
-0.358023 -0.377862 1.088672
-0.200966 -0.427145 1.258363
-0.244473 0.429341 -1.125473
-0.410828 0.433482 -1.020766
-0.600474 0.376383 -0.819847
-0.692748 0.357990 -0.793989
-0.746480 0.334931 -0.586785
-0.852156 0.216269 -0.323419
-0.985122 0.175308 0.017521
-1.030842 0.113577 0.071276
-0.961010 0.027665 0.367747
-0.891735 -0.087225 0.453644
-0.815497 -0.167399 0.719893
-0.755168 -0.265836 0.971593
-0.546066 -0.353841 1.117396
-0.393668 -0.339015 1.178400
-0.212634 -0.393695 1.200951
-0.229177 0.486444 -1.095952
-0.412156 0.473148 -0.955708
-0.560205 0.495035 -0.808403
-0.682526 0.438892 -0.642817
-0.820308 0.396495 -0.374634
-0.933967 0.282655 -0.177035
-0.969623 0.276143 0.098533
-0.975545 0.159843 0.270568
-0.872794 0.069949 0.586928
-0.880773 0.028077 0.680410
-0.796241 -0.073098 0.898361
-0.707305 -0.171030 1.027787
-0.595486 -0.249768 1.219767
-0.402335 -0.308440 1.341118
-0.221649 -0.373384 1.249544
-0.176155 0.444083 -1.060256
-0.331868 0.474891 -0.923562
-0.503075 0.505886 -0.783004
-0.634905 0.497869 -0.595145
-0.707133 0.429816 -0.368143
-0.855434 0.393114 -0.075701
-0.899597 0.366175 0.239579
-0.926225 0.286789 0.388442
-0.824747 0.174382 0.595909
-0.786582 0.058250 0.800954
-0.791704 -0.002098 1.041435
-0.632014 -0.095156 1.172924
-0.534360 -0.205932 1.290735
-0.326189 -0.259926 1.294496
-0.226200 -0.340951 1.275231
-0.170216 0.446288 -1.001750
-0.247712 0.510184 -0.899018
-0.501064 0.544806 -0.705275
-0.646657 0.488557 -0.433858
-0.715215 0.483682 -0.211234
-0.750080 0.467603 0.072402
-0.875282 0.439135 0.402009
-0.874240 0.335008 0.590256
-0.803688 0.257493 0.758249
-0.746217 0.119503 0.947778
-0.636965 0.021620 1.195653
-0.566735 -0.054752 1.221576
-0.399931 -0.188560 1.197114
-0.235970 -0.277784 1.281962
-0.127235 -0.353848 1.254923
-0.089476 0.518750 -0.964726
-0.191785 0.583429 -0.738999
-0.343823 0.589059 -0.633193
-0.541730 0.540337 -0.418872
-0.558617 0.563010 -0.171259
-0.702813 0.590538 0.109055
-0.693460 0.571822 0.471603
-0.765025 0.439109 0.739469
-0.696950 0.334684 0.928934
-0.703300 0.205646 1.071869
-0.580099 0.152819 1.337801
-0.504413 0.016438 1.304139
-0.400753 -0.092999 1.249929
-0.243217 -0.285040 1.312475
-0.065902 -0.369530 1.333356
-0.068997 0.492179 -1.014765
-0.158251 0.578476 -0.806203
-0.252189 0.641347 -0.578839
-0.393259 0.574687 -0.357344
-0.477690 0.616149 -0.051225
-0.534439 0.594881 0.127313
-0.560097 0.598866 0.602767
-0.588832 0.530216 0.759384
-0.591962 0.421741 0.990370
-0.550658 0.282923 1.175719
-0.436929 0.168128 1.335821
-0.387456 0.057220 1.304939
-0.365225 -0.050868 1.387335
-0.210146 -0.178308 1.283132
-0.115935 -0.321773 1.306362
-0.018031 0.503789 -0.978702
-0.145085 0.583327 -0.712913
-0.222682 0.633271 -0.493874
-0.311320 0.642198 -0.279961
-0.349997 0.684128 0.159715
-0.374450 0.626934 0.290289
-0.281461 0.555748 0.541542
-0.385169 0.507023 0.814827
-0.444734 0.421510 1.034353
-0.396313 0.313347 1.213414
-0.316782 0.188447 1.375807
-0.231534 0.068767 1.457483
-0.231094 -0.055481 1.506722
-0.198980 -0.160682 1.392248
-0.174146 -0.281225 1.379860
-0.008946 0.506631 -0.991333
-0.024202 0.539741 -0.786201
-0.118369 0.579476 -0.574466
-0.190013 0.676219 -0.219030
-0.180888 0.691669 0.095391
-0.211678 0.670787 0.392963
-0.153244 0.594613 0.580988
-0.119371 0.543579 0.833531
-0.275611 0.438513 1.115632
-0.251940 0.338225 1.235014
-0.171917 0.200159 1.418112
-0.218495 0.098829 1.520322
-0.122262 -0.038414 1.487007
-0.137832 -0.203249 1.456824
-0.041862 -0.322068 1.455613
-0.090780 0.325309 1.218316
0.051441 0.157811 1.463408
-0.061301 0.048457 1.505600
-0.014558 -0.185389 1.415820
-0.035373 -0.308447 1.324754
0.036317 0.949126 -0.312754
-0.187841 0.971648 -0.143345
-0.146825 0.972594 -0.180120
0.056642 0.996033 -0.068484
0.162267 0.972686 0.165838
0.296396 0.922300 0.247932
0.164678 0.972930 0.162023
0.121372 0.922452 0.366466
0.129063 0.833125 0.537736
0.195532 -0.218970 0.955901
-0.484817 0.870754 0.081881
-0.125431 0.961303 -0.245186
-0.137150 0.983581 -0.117008
0.131138 0.988708 -0.072176
0.246040 0.958800 0.141789
0.251839 0.928770 0.271950
0.278695 0.951689 0.128819
0.286081 0.945708 0.154088
0.172521 0.837581 0.518296
0.217536 0.815271 0.536637
0.355998 0.753868 0.552202
0.229926 0.024873 0.972869
0.114689 -0.327433 0.937864
0.131230 -0.484329 0.864956
-0.752647 0.004364 0.658376
-0.621601 0.781365 0.054933
0.072817 0.970183 -0.231025
0.183843 0.944670 -0.271554
0.177160 0.982818 -0.051180
0.283975 0.958037 0.038514
0.286203 0.926725 0.243324
0.226417 0.945952 0.232063
0.382580 0.906034 0.180792
0.424085 0.777978 0.463546
0.352306 0.704611 0.615894
0.559343 0.531266 0.636250
0.632435 0.185278 0.752098
0.207556 -0.237678 0.948882
0.101077 -0.400891 0.910489
-0.951872 0.044771 0.303110
0.205359 0.912992 -0.352489
0.195532 0.975768 -0.097995
0.305948 0.918485 -0.250496
0.515397 0.839381 -0.172491
0.642720 0.758171 -0.109775
0.429823 0.901608 0.048433
0.230293 0.937407 0.261177
0.433607 0.861843 0.263009
0.614582 0.738578 0.277017
0.675649 0.476547 0.562426
0.611225 0.417341 0.672445
0.563555 0.402051 0.721610
0.523942 -0.203803 0.826991
0.431928 -0.582965 0.688131
-0.293680 -0.480056 0.826594
0.311808 -0.136998 -0.940184
0.554430 0.751823 -0.356822
0.185919 0.980651 -0.061129
0.532609 0.815027 -0.228034
0.646748 0.751610 -0.129398
0.570605 0.821192 0.004669
0.687674 0.724967 0.038362
0.811609 0.531205 0.242988
0.784509 0.538102 0.308176
0.760308 0.375866 0.529710
0.694784 0.354961 0.625446
0.633534 0.425214 0.646352
0.557298 0.020722 0.830042
0.502091 -0.653920 0.565905
0.315317 -0.745293 0.587420
0.209876 -0.181280 -0.960753
0.423017 0.850856 -0.311533
0.369121 0.887692 -0.275216
0.453810 0.884793 -0.105625
0.451247 0.891690 -0.034669
0.528764 0.844081 0.088778
0.772332 0.632984 0.052614
0.868770 0.467696 0.162603
0.928129 0.311502 0.203650
0.901364 0.202643 0.382641
0.851497 -0.065462 0.520218
0.832423 -0.181677 0.523484
0.771203 -0.404096 0.491836
0.519486 -0.646626 0.558519
-0.332011 -0.166265 0.928495
0.104404 0.964202 -0.243660
0.208533 0.975494 0.069796
0.619465 0.543718 -0.566210
0.597888 0.770226 -0.221870
0.721885 0.677969 -0.138524
0.677023 0.735832 -0.010895
0.815790 0.569933 0.098148
0.865230 0.427259 0.262246
0.902432 0.317942 0.290719
0.945830 0.137059 0.294259
0.864071 -0.003021 0.503281
0.698904 -0.226478 0.678365
0.630055 -0.571673 0.525498
0.642140 -0.279153 0.713920
0.128178 -0.466475 0.875179
-0.206702 0.219581 -0.953429
0.481979 0.366985 -0.795587
0.624073 0.534928 -0.569475
0.770135 0.516221 -0.374645
0.847133 0.465224 -0.256630
0.876309 0.472427 -0.094150
0.963469 0.254616 -0.082858
0.981933 0.174688 0.072634
0.972259 0.110202 0.206214
0.938963 0.221870 0.262856
0.901120 -0.246498 0.356578
0.785974 0.028626 0.617573
0.587603 -0.674520 0.446883
0.511521 -0.650166 0.561754
0.088565 -0.994415 0.057039
0.408429 0.588794 -0.697470
0.453627 -0.268899 -0.849635
0.756279 0.279672 -0.591388
0.746544 0.241066 -0.620075
0.799066 0.457869 -0.389569
0.901242 0.398328 -0.170507
0.978912 0.195288 -0.059633
0.999786 -0.002380 0.020173
0.955077 -0.282174 0.090274
0.943754 -0.319376 0.085360
0.762932 -0.636616 0.112339
0.612293 -0.711600 0.344432
0.582690 -0.658132 0.476760
0.610614 0.163579 0.774804
0.053102 -0.989471 0.134465
0.469710 0.685812 -0.555895
0.771142 0.007111 -0.636586
0.752403 0.445021 -0.485611
0.736381 0.421888 -0.528886
0.662221 0.530839 -0.528794
0.895901 0.405103 -0.182165
0.992218 -0.024873 -0.121860
0.977203 -0.210913 -0.024079
0.919950 -0.378399 0.102359
0.894833 -0.425031 0.136265
0.654317 -0.745415 0.127232
0.650166 -0.690725 0.316446
0.544267 -0.673788 0.499741
0.458876 -0.771386 0.440840
0.436201 -0.322367 0.840114
-0.007843 0.747734 0.663900
-0.275460 -0.209174 -0.938261
0.301462 0.057497 -0.951720
0.813501 0.252602 -0.523789
0.698691 0.409314 -0.586718
0.894833 0.035859 -0.444899
0.813990 -0.518204 -0.262398
0.843196 -0.510941 -0.167150
0.760216 -0.645527 -0.072726
0.748314 -0.644307 0.157598
0.721854 -0.656911 0.217536
0.543290 -0.827967 0.138768
0.318461 -0.928312 0.191717
0.366070 -0.842433 0.395276
0.358013 -0.357006 0.862758
0.691610 0.708670 0.139348
0.701010 -0.278451 0.656514
0.423566 -0.308939 -0.851527
0.645253 0.310282 -0.698080
0.824793 -0.083163 -0.559221
0.722800 -0.438093 -0.534379
0.759301 -0.552477 -0.343760
0.671255 -0.714011 -0.198950
0.586749 -0.788598 -0.183782
0.585009 -0.810907 -0.012787
0.784753 -0.607929 0.120609
0.598682 -0.769707 0.221595
0.341441 -0.912534 0.225043
0.389111 -0.854457 0.344127
-0.018372 -0.953520 0.300668
-0.422468 0.439497 -0.792657
0.431837 0.280709 -0.857143
0.684561 0.173406 -0.707999
0.474227 0.484603 -0.735008
0.588855 -0.221747 -0.777184
0.712302 -0.418439 -0.563433
0.782006 -0.391522 -0.484909
0.620380 -0.766656 -0.165288
0.464492 -0.865474 -0.187536
0.501541 -0.856014 -0.125156
0.345988 -0.938169 0.010315
0.386364 -0.903287 0.186499
0.384228 -0.891140 0.241249
0.274392 -0.913022 0.301798
0.805292 -0.255531 0.534959
-0.566851 0.226234 -0.792108
-0.098819 0.042299 -0.994201
0.252968 0.083804 -0.963805
0.271157 0.148259 -0.951018
0.234474 -0.618213 -0.750206
0.629200 -0.433576 -0.645039
0.469741 -0.582415 -0.663381
0.421064 -0.887539 -0.186895
0.344096 -0.931791 -0.115452
0.214942 -0.966216 -0.142033
0.297678 -0.953032 -0.055757
0.297159 -0.949675 0.098819
0.093692 -0.986663 0.133061
0.090945 -0.973785 0.208380
0.829127 -0.319407 0.458785
0.016327 -0.852901 0.521805
0.125004 0.746818 -0.653127
0.521958 0.364849 -0.770959
0.662770 0.048738 -0.747215
0.360790 -0.022065 -0.932371
0.202918 -0.360576 -0.910367
0.352702 -0.639088 -0.683493
0.066256 -0.910306 -0.408521
0.220771 -0.937834 -0.267769
0.153294 -0.964721 -0.214026
0.110569 -0.989807 -0.089694
0.346538 -0.937284 -0.036683
0.352489 -0.931211 0.092532
0.036653 -0.991028 0.128452
0.033662 -0.963073 0.267006
-0.180700 -0.924863 0.334605
0.217536 0.639546 -0.737297
0.136143 0.410199 -0.901761
0.129307 0.000885 -0.991577
0.368938 0.031129 -0.928922
0.314005 -0.465590 -0.827387
0.066103 -0.715110 -0.695822
-0.068361 -0.928220 -0.365673
-0.005676 -0.951567 -0.307352
-0.087069 -0.968871 -0.231605
0.164312 -0.973876 -0.156652
0.222449 -0.959777 -0.171148
0.073519 -0.991394 0.108249
0.079531 -0.978759 0.188879
-0.127506 -0.960997 0.245308
0.666372 -0.583605 0.463973
-0.688253 0.619343 -0.377758
0.134190 0.189611 -0.972625
0.102939 0.272683 -0.956572
0.174078 0.262947 -0.948943
0.046144 -0.528123 -0.847896
-0.061373 -0.860042 -0.506485
-0.127995 -0.913053 -0.387188
-0.020447 -0.948882 -0.314920
0.002045 -0.980285 -0.197485
-0.019776 -0.982513 -0.185095
-0.157628 -0.982330 -0.100681
-0.035005 -0.997955 0.053377
0.404187 -0.886044 0.226966
0.184454 -0.929868 0.318217
0.874752 -0.438704 0.205695
-0.948576 -0.018250 0.315958
-0.078677 0.450209 -0.889431
0.036683 0.294534 -0.954924
-0.650777 -0.125095 -0.748863
-0.641896 -0.461470 -0.612323
-0.289499 -0.794610 -0.533586
-0.245766 -0.874966 -0.417127
-0.218604 -0.891446 -0.396863
-0.163793 -0.973937 -0.156713
-0.163579 -0.980682 -0.107120
-0.264748 -0.962310 -0.061708
-0.222419 -0.974456 0.030488
0.238258 -0.949095 0.205908
-0.075137 -0.973785 0.214576
0.097201 -0.918149 0.384106
-0.572344 0.663900 -0.481246
-0.540605 0.603778 -0.585803
-0.491958 0.128880 -0.860988
-0.859767 -0.057497 -0.507401
-0.629597 -0.221656 -0.744591
-0.601001 -0.414838 -0.683126
-0.480575 -0.739372 -0.471511
-0.295358 -0.921354 -0.252571
-0.404279 -0.906308 -0.122898
-0.359142 -0.922178 -0.143468
-0.497238 -0.867580 0.001953
-0.296731 -0.953520 0.051973
-0.417554 -0.891507 0.175604
-0.503586 -0.829707 0.240730
-0.752983 -0.031068 0.657277
0.165502 0.359844 -0.918180
-0.316813 0.518387 -0.794275
-0.597797 0.207801 -0.774224
-0.565905 -0.337657 -0.752129
-0.442763 -0.510269 -0.737236
-0.706839 -0.393963 -0.587451
-0.688467 -0.444044 -0.573382
-0.571184 -0.747795 -0.338389
-0.227088 -0.970275 -0.083499
-0.378613 -0.922361 -0.076449
-0.545701 -0.837916 -0.007233
-0.306436 -0.946410 0.101749
-0.252113 -0.939482 0.231910
-0.412488 -0.889523 0.196417
0.529832 0.680715 -0.505783
-0.122593 0.858974 -0.497085
-0.088504 0.684225 -0.723869
-0.154973 0.339335 -0.927793
-0.431227 0.048158 -0.900937
-0.418867 -0.281350 -0.863338
-0.678732 -0.501206 -0.536729
-0.693319 -0.466384 -0.549303
-0.803217 -0.416822 -0.425520
-0.896298 -0.389050 -0.212653
-0.548631 -0.834437 -0.051820
-0.359325 -0.933164 0.005066
-0.411176 -0.910520 -0.042970
-0.345470 -0.938292 0.014435
-0.855525 -0.473922 0.208380
-0.373089 -0.888302 0.267708
0.360515 -0.918638 0.161534
0.189428 -0.298441 -0.935423
-0.322977 0.750084 -0.577074
-0.424970 0.407025 -0.808496
-0.639637 -0.070101 -0.765435
-0.964843 -0.035066 -0.260384
-0.853786 -0.336222 -0.397443
-0.841670 -0.451766 -0.295755
-0.888150 -0.427534 -0.168493
-0.922056 -0.372204 -0.106143
-0.613239 -0.787561 -0.060427
-0.515976 -0.856258 -0.022767
-0.374737 -0.918577 0.125431
-0.478286 -0.820002 0.314310
-0.528886 -0.689413 0.494919
-0.257973 -0.910794 0.322306
-0.479232 0.053774 0.876003
-0.222694 0.880612 -0.418165
-0.497208 0.694174 -0.520432
-0.840327 0.291757 -0.456801
-0.976562 0.142399 -0.161351
-0.949309 0.001251 -0.314310
-0.937284 -0.101566 -0.333323
-0.801324 -0.585833 -0.121006
-0.929777 -0.357280 -0.088473
-0.861049 -0.489334 -0.138188
-0.772759 -0.625690 0.106326
-0.396832 -0.888943 0.228645
-0.382550 -0.886959 0.258705
-0.363872 -0.867885 0.338115
-0.043794 -0.974548 0.219733
-0.262581 0.711539 -0.651692
-0.508805 0.596789 -0.620411
-0.422773 0.810144 -0.406079
-0.795526 0.493637 -0.351329
-0.949339 0.205573 -0.237648
-0.924467 0.252205 -0.285897
-0.905911 0.282205 -0.315683
-0.969543 -0.190252 -0.154180
-0.893582 -0.445082 0.058107
-0.976379 -0.212531 0.038697
-0.964660 -0.115207 0.236946
-0.709189 -0.653737 0.263802
-0.364055 -0.914060 0.178594
-0.388562 -0.824000 0.412275
-0.141850 -0.125187 0.981933
-0.267617 0.223060 -0.937315
-0.572466 0.495773 -0.653035
-0.461592 0.582812 -0.668722
-0.629353 0.711386 -0.312754
-0.914518 0.308145 -0.262001
-0.932981 0.085147 -0.349651
-0.939482 0.295053 -0.174017
-0.985870 0.167302 0.006073
-0.959807 -0.147557 0.238655
-0.951231 -0.239509 0.194342
-0.961394 -0.099948 0.256294
-0.849147 -0.344218 0.400464
-0.306070 -0.893429 0.328776
-0.242622 -0.920743 0.305490
-0.364483 -0.134831 0.921354
0.006806 0.929960 -0.367534
-0.212043 0.924253 -0.317392
-0.475021 0.815516 -0.330576
-0.735466 0.639119 -0.224891
-0.693197 0.688375 -0.213446
-0.941404 0.207404 -0.265877
-0.914975 0.403455 -0.004517
-0.957488 0.170660 0.232490
-0.824091 0.478713 0.302744
-0.909909 0.274728 0.310739
-0.944029 -0.192511 0.267800
-0.876919 -0.009766 0.480483
-0.714469 -0.343272 0.609607
-0.132145 -0.366985 0.920774
-0.060610 -0.823023 0.564745
0.222144 0.949950 0.219611
-0.094607 0.966399 -0.238899
-0.242958 0.931700 -0.269936
-0.549913 0.827662 -0.111942
-0.580645 0.808100 -0.099094
-0.628132 0.773980 -0.079897
-0.800378 0.599048 -0.021882
-0.943876 0.227332 0.239570
-0.942259 0.042604 0.332102
-0.912442 0.288797 0.289834
-0.895505 0.003937 0.444990
-0.661336 -0.092410 0.744346
-0.335826 0.349498 0.874660
0.276864 0.610553 0.741966
0.205817 -0.302133 0.930754
0.069521 0.952147 -0.297617
-0.058779 0.902554 -0.426466
-0.348827 0.901089 -0.257546
-0.575182 0.815180 -0.067782
-0.796747 0.580889 -0.166478
-0.779260 0.611286 -0.138005
-0.850978 0.521134 0.064730
-0.944639 0.124485 0.303507
-0.942137 0.043367 0.332316
-0.939146 0.194311 0.283212
-0.757042 -0.195196 0.623493
-0.449904 -0.414411 0.791070
-0.242531 0.270058 0.931761
-0.249550 -0.822748 0.510636
-0.237465 -0.816645 0.525986
0.567034 0.820826 -0.068575
-0.565020 0.688589 -0.454512
-0.268685 0.941862 -0.201605
-0.330454 0.941740 -0.062502
-0.327738 0.929014 -0.171697
-0.500015 0.857936 -0.117771
-0.425092 0.897671 0.115909
-0.713584 0.584094 0.386761
-0.769829 0.445723 0.456801
-0.856380 0.278359 0.434797
-0.479598 0.200232 0.854305
-0.215796 -0.415693 0.883511
-0.451155 -0.478225 0.753441
-0.373699 -0.603778 0.704093
0.486282 -0.278603 0.828181
0.853877 0.408277 0.322764
-0.374462 0.829035 -0.415296
-0.053591 0.991974 -0.114383
-0.341655 0.931761 -0.122745
-0.399274 0.912778 -0.085788
-0.156194 0.987671 -0.006806
-0.138768 0.963775 0.227729
-0.258370 0.893704 0.366710
-0.436628 0.740196 0.511277
-0.441633 0.691549 0.571520
-0.272744 0.288522 0.917783
-0.459487 -0.212775 0.862300
-0.775811 -0.237342 0.584613
-0.583972 -0.338389 0.737846
-0.818110 0.404065 0.409101
-0.238289 0.928587 -0.284494
0.352794 0.932188 -0.080935
0.080447 0.994995 -0.059236
-0.343760 0.922269 -0.176611
-0.371166 0.923185 0.099551
-0.297983 0.936338 0.185522
-0.134281 0.947264 0.290902
-0.046175 0.958892 0.279946
-0.182379 0.871853 0.454512
-0.255837 0.739097 0.623066
-0.345195 0.563768 0.750298
-0.721458 -0.153508 0.675192
-0.344310 -0.122532 0.930815
-0.754082 -0.556902 0.348094
-0.777490 -0.576128 0.252113
-0.440840 0.838038 -0.321451
-0.015992 0.977020 -0.212439
0.182745 0.970580 -0.156560
-0.096713 0.984161 -0.148534
-0.029267 0.999359 0.020478
-0.095431 0.946074 0.309488
-0.131657 0.954924 0.265969
-0.030793 0.956023 0.291635
-0.105075 0.847133 0.520829
-0.078494 0.775445 0.626484
-0.045564 0.738914 0.672231
-0.430403 0.102603 0.896756
0.025086 -0.215888 0.976074
-0.187262 -0.379925 0.905850
0.495651 -0.329722 0.803461
0.170934 0.836970 0.519822
0.163244 0.635121 0.754936
0.048097 0.112033 0.992523
0.083560 -0.548570 0.831904
0.809656 -0.212592 0.546983
2880
3
4
14
479
9
22
4
5
15
9
480
23
5
6
16
480
481
24
6
7
17
0
10
296
205
24
481
7
8
18
0
1
11
8
477
19
2
12
11
477
478
20
2
3
13
478
479
21
19
20
35
12
13
28
21
36
35
13
14
29
21
22
37
14
15
30
22
23
38
15
16
31
23
24
39
16
17
32
10
25
296
205
39
24
18
33
32
10
11
26
19
34
33
11
12
27
38
39
54
31
32
47
25
40
296
205
54
39
32
33
48
25
26
41
33
34
49
26
27
42
35
50
49
27
28
43
36
51
50
28
29
44
36
37
52
29
30
45
37
38
53
31
46
45
50
51
66
43
44
59
51
52
67
44
45
60
52
53
68
45
46
61
53
54
69
47
62
61
40
55
296
205
69
54
47
48
63
40
41
56
48
49
64
41
42
57
50
65
64
42
43
58
55
70
296
205
84
69
62
63
78
55
56
71
63
64
79
56
57
72
65
80
79
57
58
73
65
66
81
59
74
73
67
82
81
59
60
75
68
83
82
60
61
76
68
69
84
62
77
76
74
89
88
81
82
97
74
75
90
83
98
97
76
91
90
83
84
99
76
77
92
70
85
296
205
99
84
77
78
93
70
71
86
78
79
94
71
72
87
80
95
94
72
73
88
81
96
95
92
93
108
85
86
101
93
94
109
86
87
102
95
110
109
88
103
102
96
111
110
88
89
104
96
97
112
89
90
105
97
98
113
91
106
105
99
114
113
91
92
107
85
100
296
205
114
99
112
127
126
104
105
120
113
128
127
106
121
120
114
129
128
106
107
122
100
115
296
205
129
114
108
123
122
100
101
116
108
109
124
101
102
117
110
125
124
102
103
118
110
111
126
103
104
119
116
131
130
123
124
139
116
117
132
125
140
139
117
118
133
125
126
141
119
134
133
127
142
141
119
120
135
127
128
143
121
136
135
129
144
143
121
122
137
115
130
296
205
144
129
122
123
138
134
135
150
143
158
157
136
151
150
143
144
159
136
137
152
130
145
296
205
159
144
137
138
153
130
131
146
138
139
154
132
147
146
140
155
154
132
133
148
140
141
156
133
134
149
141
142
157
153
154
169
146
147
162
155
170
169
147
148
163
155
156
171
149
164
163
157
172
171
149
150
165
157
158
173
151
166
165
158
159
174
151
152
167
145
160
296
205
174
159
153
168
167
145
146
161
172
173
188
166
181
180
174
189
188
166
167
182
160
175
296
205
189
174
167
168
183
160
161
176
168
169
184
161
162
177
169
170
185
162
163
178
170
171
186
163
164
179
172
187
186
164
165
180
185
200
199
178
193
192
185
186
201
179
194
193
187
202
201
179
180
195
187
188
203
181
196
195
189
204
203
181
182
197
175
190
296
205
204
189
183
198
197
175
176
191
183
184
199
176
177
192
203
204
220
196
197
213
190
206
296
205
220
204
197
198
214
190
191
207
198
199
215
192
208
207
200
216
215
192
193
209
200
201
217
193
194
210
202
218
217
194
195
211
202
203
219
196
212
211
208
209
224
216
217
232
209
210
225
217
218
233
210
211
226
218
219
234
212
227
226
220
235
234
212
213
228
206
221
296
205
235
220
213
214
229
206
207
222
214
215
230
207
208
223
216
231
230
227
228
243
221
236
296
205
250
235
228
229
244
221
222
237
229
230
245
223
238
237
231
246
245
224
239
238
231
232
247
224
225
240
233
248
247
225
226
241
233
234
249
227
242
241
235
250
249
246
247
262
240
255
254
247
248
263
240
241
256
248
249
264
242
257
256
249
250
265
242
243
258
236
251
296
205
265
250
243
244
259
236
237
252
244
245
260
237
238
253
246
261
260
239
254
253
251
266
296
205
280
265
259
274
273
251
252
267
259
260
275
252
253
268
261
276
275
254
269
268
261
262
277
255
270
269
262
263
278
255
256
271
264
279
278
257
272
271
265
280
279
257
258
273
270
285
284
278
293
292
270
271
286
278
279
294
272
287
286
280
295
294
272
273
288
266
281
296
205
295
280
273
274
289
266
267
282
274
275
290
267
268
283
276
291
290
268
269
284
276
277
292
288
289
305
281
282
298
289
290
306
282
283
299
291
307
306
284
300
299
291
292
308
285
301
300
292
293
309
285
286
302
293
294
310
287
303
302
294
295
311
288
304
303
281
297
296
205
311
295
308
309
324
301
302
317
310
325
324
303
318
317
310
311
326
303
304
319
297
312
296
205
326
311
304
305
320
297
298
313
305
306
321
298
299
314
307
322
321
300
315
314
307
308
323
301
316
315
320
321
336
313
314
329
322
337
336
315
330
329
323
338
337
316
331
330
323
324
339
316
317
332
325
340
339
318
333
332
326
341
340
318
319
334
312
327
296
205
341
326
319
320
335
312
313
328
340
355
354
333
348
347
340
341
356
333
334
349
327
342
296
205
356
341
334
335
350
328
343
342
335
336
351
328
329
344
337
352
351
330
345
344
337
338
353
331
346
345
338
339
354
331
332
347
343
344
359
352
367
366
345
360
359
352
353
368
345
346
361
354
369
368
346
347
362
355
370
369
348
363
362
355
356
371
348
349
364
342
357
296
205
371
356
350
365
364
343
358
357
350
351
366
363
378
377
370
371
386
363
364
379
357
372
296
205
386
371
365
380
379
358
373
372
365
366
381
358
359
374
367
382
381
360
375
374
367
368
383
361
376
375
368
369
384
361
362
377
370
385
384
382
397
396
375
390
389
382
383
398
375
376
391
383
384
399
376
377
392
385
400
399
378
393
392
385
386
401
378
379
394
372
387
296
205
401
386
379
380
395
372
373
388
380
381
396
373
374
389
400
401
416
393
394
409
387
402
296
205
416
401
395
410
409
387
388
403
395
396
411
389
404
403
397
412
411
390
405
404
397
398
413
391
406
405
398
399
414
391
392
407
400
415
414
393
408
407
404
405
420
412
413
428
406
421
420
413
414
429
406
407
422
414
415
430
408
423
422
415
416
431
408
409
424
402
417
296
205
431
416
410
425
424
402
403
418
410
411
426
403
404
419
412
427
426
424
439
438
417
432
296
205
446
431
424
425
440
417
418
433
425
426
441
418
419
434
427
442
441
419
420
435
427
428
443
421
436
435
429
444
443
421
422
437
429
430
445
423
438
437
430
431
446
442
443
458
436
451
450
443
444
459
436
437
452
444
445
460
438
453
452
445
446
461
438
439
454
432
447
296
205
461
446
439
440
455
433
448
447
440
441
456
434
449
448
442
457
456
435
450
449
205
476
461
454
455
470
447
448
463
455
456
471
448
449
464
457
472
471
449
450
465
457
458
473
451
466
465
458
459
474
451
452
467
459
460
475
453
468
467
461
476
475
453
454
469
447
462
296
473
474
9
467
5
4
474
475
480
468
6
5
475
476
481
469
7
6
462
0
296
205
481
476
469
470
8
463
1
0
470
471
477
464
2
1
472
478
477
465
3
2
472
473
479
466
4
3
3
14
13
479
22
21
4
15
14
9
23
22
5
16
15
480
24
23
6
17
16
7
18
17
0
11
10
8
19
18
2
11
1
477
20
19
2
13
12
478
21
20
19
35
34
12
28
27
21
35
20
13
29
28
21
37
36
14
30
29
22
38
37
15
31
30
23
39
38
16
32
31
18
32
17
10
26
25
19
33
18
11
27
26
38
54
53
31
47
46
32
48
47
25
41
40
33
49
48
26
42
41
35
49
34
27
43
42
36
50
35
28
44
43
36
52
51
29
45
44
37
53
52
31
45
30
50
66
65
43
59
58
51
67
66
44
60
59
52
68
67
45
61
60
53
69
68
47
61
46
47
63
62
40
56
55
48
64
63
41
57
56
50
64
49
42
58
57
62
78
77
55
71
70
63
79
78
56
72
71
65
79
64
57
73
72
65
81
80
59
73
58
67
81
66
59
75
74
68
82
67
60
76
75
68
84
83
62
76
61
74
88
73
81
97
96
74
90
89
83
97
82
76
90
75
83
99
98
76
92
91
77
93
92
70
86
85
78
94
93
71
87
86
80
94
79
72
88
87
81
95
80
92
108
107
85
101
100
93
109
108
86
102
101
95
109
94
88
102
87
96
110
95
88
104
103
96
112
111
89
105
104
97
113
112
91
105
90
99
113
98
91
107
106
112
126
111
104
120
119
113
127
112
106
120
105
114
128
113
106
122
121
108
122
107
100
116
115
108
124
123
101
117
116
110
124
109
102
118
117
110
126
125
103
119
118
116
130
115
123
139
138
116
132
131
125
139
124
117
133
132
125
141
140
119
133
118
127
141
126
119
135
134
127
143
142
121
135
120
129
143
128
121
137
136
122
138
137
134
150
149
143
157
142
136
150
135
143
159
158
136
152
151
137
153
152
130
146
145
138
154
153
132
146
131
140
154
139
132
148
147
140
156
155
133
149
148
141
157
156
153
169
168
146
162
161
155
169
154
147
163
162
155
171
170
149
163
148
157
171
156
149
165
164
157
173
172
151
165
150
158
174
173
151
167
166
153
167
152
145
161
160
172
188
187
166
180
165
174
188
173
166
182
181
167
183
182
160
176
175
168
184
183
161
177
176
169
185
184
162
178
177
170
186
185
163
179
178
172
186
171
164
180
179
185
199
184
178
192
177
185
201
200
179
193
178
187
201
186
179
195
194
187
203
202
181
195
180
189
203
188
181
197
196
183
197
182
175
191
190
183
199
198
176
192
191
203
220
219
196
213
212
197
214
213
190
207
206
198
215
214
192
207
191
200
215
199
192
209
208
200
217
216
193
210
209
202
217
201
194
211
210
202
219
218
196
211
195
208
224
223
216
232
231
209
225
224
217
233
232
210
226
225
218
234
233
212
226
211
220
234
219
212
228
227
213
229
228
206
222
221
214
230
229
207
223
222
216
230
215
227
243
242
228
244
243
221
237
236
229
245
244
223
237
222
231
245
230
224
238
223
231
247
246
224
240
239
233
247
232
225
241
240
233
249
248
227
241
226
235
249
234
246
262
261
240
254
239
247
263
262
240
256
255
248
264
263
242
256
241
249
265
264
242
258
257
243
259
258
236
252
251
244
260
259
237
253
252
246
260
245
239
253
238
259
273
258
251
267
266
259
275
274
252
268
267
261
275
260
254
268
253
261
277
276
255
269
254
262
278
277
255
271
270
264
278
263
257
271
256
265
279
264
257
273
272
270
284
269
278
292
277
270
286
285
278
294
293
272
286
271
280
294
279
272
288
287
273
289
288
266
282
281
274
290
289
267
283
282
276
290
275
268
284
283
276
292
291
288
305
304
281
298
297
289
306
305
282
299
298
291
306
290
284
299
283
291
308
307
285
300
284
292
309
308
285
302
301
293
310
309
287
302
286
294
311
310
288
303
287
308
324
323
301
317
316
310
324
309
303
317
302
310
326
325
303
319
318
304
320
319
297
313
312
305
321
320
298
314
313
307
321
306
300
314
299
307
323
322
301
315
300
320
336
335
313
329
328
322
336
321
315
329
314
323
337
322
316
330
315
323
339
338
316
332
331
325
339
324
318
332
317
326
340
325
318
334
333
319
335
334
312
328
327
340
354
339
333
347
332
340
356
355
333
349
348
334
350
349
328
342
327
335
351
350
328
344
343
337
351
336
330
344
329
337
353
352
331
345
330
338
354
353
331
347
346
343
359
358
352
366
351
345
359
344
352
368
367
345
361
360
354
368
353
346
362
361
355
369
354
348
362
347
355
371
370
348
364
363
350
364
349
343
357
342
350
366
365
363
377
362
370
386
385
363
379
378
365
379
364
358
372
357
365
381
380
358
374
373
367
381
366
360
374
359
367
383
382
361
375
360
368
384
383
361
377
376
370
384
369
382
396
381
375
389
374
382
398
397
375
391
390
383
399
398
376
392
391
385
399
384
378
392
377
385
401
400
378
394
393
379
395
394
372
388
387
380
396
395
373
389
388
400
416
415
393
409
408
395
409
394
387
403
402
395
411
410
389
403
388
397
411
396
390
404
389
397
413
412
391
405
390
398
414
413
391
407
406
400
414
399
393
407
392
404
420
419
412
428
427
406
420
405
413
429
428
406
422
421
414
430
429
408
422
407
415
431
430
408
424
423
410
424
409
402
418
417
410
426
425
403
419
418
412
426
411
424
438
423
424
440
439
417
433
432
425
441
440
418
434
433
427
441
426
419
435
434
427
443
442
421
435
420
429
443
428
421
437
436
429
445
444
423
437
422
430
446
445
442
458
457
436
450
435
443
459
458
436
452
451
444
460
459
438
452
437
445
461
460
438
454
453
439
455
454
433
447
432
440
456
455
434
448
433
442
456
441
435
449
434
454
470
469
447
463
462
455
471
470
448
464
463
457
471
456
449
465
464
457
473
472
451
465
450
458
474
473
451
467
466
459
475
474
453
467
452
461
475
460
453
469
468
473
9
479
467
4
466
474
480
9
468
5
467
475
481
480
469
6
468
469
8
7
463
0
462
470
477
8
464
1
463
472
477
471
465
2
464
472
479
478
466
3
465
0.750000 0.937500
0.750000 0.875000
0.750000 0.812500
0.750000 0.750000
0.750000 0.687500
0.750000 0.625000
0.750000 0.562500
0.750000 0.500000
0.750000 0.437500
0.750000 0.187500
0.718750 0.937500
0.718750 0.875000
0.718750 0.812500
0.718750 0.750000
0.718750 0.687500
0.718750 0.625000
0.718750 0.562500
0.718750 0.500000
0.718750 0.437500
0.718750 0.375000
0.718750 0.312500
0.718750 0.250000
0.718750 0.187500
0.718750 0.125000
0.718750 0.062500
0.687500 0.937500
0.687500 0.875000
0.687500 0.812500
0.687500 0.750000
0.687500 0.687500
0.687500 0.625000
0.687500 0.562500
0.687500 0.500000
0.687500 0.437500
0.687500 0.375000
0.687500 0.312500
0.687500 0.250000
0.687500 0.187500
0.687500 0.125000
0.687500 0.062500
0.656250 0.937500
0.656250 0.875000
0.656250 0.812500
0.656250 0.750000
0.656250 0.687500
0.656250 0.625000
0.656250 0.562500
0.656250 0.500000
0.656250 0.437500
0.656250 0.375000
0.656250 0.312500
0.656250 0.250000
0.656250 0.187500
0.656250 0.125000
0.656250 0.062500
0.625000 0.937500
0.625000 0.875000
0.625000 0.812500
0.625000 0.750000
0.625000 0.687500
0.625000 0.625000
0.625000 0.562500
0.625000 0.500000
0.625000 0.437500
0.625000 0.375000
0.625000 0.312500
0.625000 0.250000
0.625000 0.187500
0.625000 0.125000
0.625000 0.062500
0.593750 0.937500
0.593750 0.875000
0.593750 0.812500
0.593750 0.750000
0.593750 0.687500
0.593750 0.625000
0.593750 0.562500
0.593750 0.500000
0.593750 0.437500
0.593750 0.375000
0.593750 0.312500
0.593750 0.250000
0.593750 0.187500
0.593750 0.125000
0.593750 0.062500
0.562500 0.937500
0.562500 0.875000
0.562500 0.812500
0.562500 0.750000
0.562500 0.687500
0.562500 0.625000
0.562500 0.562500
0.562500 0.500000
0.562500 0.437500
0.562500 0.375000
0.562500 0.312500
0.562500 0.250000
0.562500 0.187500
0.562500 0.125000
0.562500 0.062500
0.531250 0.937500
0.531250 0.875000
0.531250 0.812500
0.531250 0.750000
0.531250 0.687500
0.531250 0.625000
0.531250 0.562500
0.531250 0.500000
0.531250 0.437500
0.531250 0.375000
0.531250 0.312500
0.531250 0.250000
0.531250 0.187500
0.531250 0.125000
0.531250 0.062500
0.500000 0.937500
0.500000 0.875000
0.500000 0.812500
0.500000 0.750000
0.500000 0.687500
0.500000 0.625000
0.500000 0.562500
0.500000 0.500000
0.500000 0.437500
0.500000 0.375000
0.500000 0.312500
0.500000 0.250000
0.500000 0.187500
0.500000 0.125000
0.500000 0.062500
0.468750 0.937500
0.468750 0.875000
0.468750 0.812500
0.468750 0.750000
0.468750 0.687500
0.468750 0.625000
0.468750 0.562500
0.468750 0.500000
0.468750 0.437500
0.468750 0.375000
0.468750 0.312500
0.468750 0.250000
0.468750 0.187500
0.468750 0.125000
0.468750 0.062500
0.437500 0.937500
0.437500 0.875000
0.437500 0.812500
0.437500 0.750000
0.437500 0.687500
0.437500 0.625000
0.437500 0.562500
0.437500 0.500000
0.437500 0.437500
0.437500 0.375000
0.437500 0.312500
0.437500 0.250000
0.437500 0.187500
0.437500 0.125000
0.437500 0.062500
0.406250 0.937500
0.406250 0.875000
0.406250 0.812500
0.406250 0.750000
0.406250 0.687500
0.406250 0.625000
0.406250 0.562500
0.406250 0.500000
0.406250 0.437500
0.406250 0.375000
0.406250 0.312500
0.406250 0.250000
0.406250 0.187500
0.406250 0.125000
0.406250 0.062500
0.375000 0.937500
0.375000 0.875000
0.375000 0.812500
0.375000 0.750000
0.375000 0.687500
0.375000 0.625000
0.375000 0.562500
0.375000 0.500000
0.375000 0.437500
0.375000 0.375000
0.375000 0.312500
0.375000 0.250000
0.375000 0.187500
0.375000 0.125000
0.375000 0.062500
0.343750 0.937500
0.343750 0.875000
0.343750 0.812500
0.343750 0.750000
0.343750 0.687500
0.343750 0.625000
0.343750 0.562500
0.343750 0.500000
0.343750 0.437500
0.343750 0.375000
0.343750 0.312500
0.343750 0.250000
0.343750 0.187500
0.343750 0.125000
0.343750 0.062500
0.765625 0.000000
0.312500 0.937500
0.312500 0.875000
0.312500 0.812500
0.312500 0.750000
0.312500 0.687500
0.312500 0.625000
0.312500 0.562500
0.312500 0.500000
0.312500 0.437500
0.312500 0.375000
0.312500 0.312500
0.312500 0.250000
0.312500 0.187500
0.312500 0.125000
0.312500 0.062500
0.281250 0.937500
0.281250 0.875000
0.281250 0.812500
0.281250 0.750000
0.281250 0.687500
0.281250 0.625000
0.281250 0.562500
0.281250 0.500000
0.281250 0.437500
0.281250 0.375000
0.281250 0.312500
0.281250 0.250000
0.281250 0.187500
0.281250 0.125000
0.281250 0.062500
0.250000 0.937500
0.250000 0.875000
0.250000 0.812500
0.250000 0.750000
0.250000 0.687500
0.250000 0.625000
0.250000 0.562500
0.250000 0.500000
0.250000 0.437500
0.250000 0.375000
0.250000 0.312500
0.250000 0.250000
0.250000 0.187500
0.250000 0.125000
0.250000 0.062500
0.218750 0.937500
0.218750 0.875000
0.218750 0.812500
0.218750 0.750000
0.218750 0.687500
0.218750 0.625000
0.218750 0.562500
0.218750 0.500000
0.218750 0.437500
0.218750 0.375000
0.218750 0.312500
0.218750 0.250000
0.218750 0.187500
0.218750 0.125000
0.218750 0.062500
0.187500 0.937500
0.187500 0.875000
0.187500 0.812500
0.187500 0.750000
0.187500 0.687500
0.187500 0.625000
0.187500 0.562500
0.187500 0.500000
0.187500 0.437500
0.187500 0.375000
0.187500 0.312500
0.187500 0.250000
0.187500 0.187500
0.187500 0.125000
0.187500 0.062500
0.156250 0.937500
0.156250 0.875000
0.156250 0.812500
0.156250 0.750000
0.156250 0.687500
0.156250 0.625000
0.156250 0.562500
0.156250 0.500000
0.156250 0.437500
0.156250 0.375000
0.156250 0.312500
0.156250 0.250000
0.156250 0.187500
0.156250 0.125000
0.156250 0.062500
0.765625 1.000000
0.125000 0.937500
0.125000 0.875000
0.125000 0.812500
0.125000 0.750000
0.125000 0.687500
0.125000 0.625000
0.125000 0.562500
0.125000 0.500000
0.125000 0.437500
0.125000 0.375000
0.125000 0.312500
0.125000 0.250000
0.125000 0.187500
0.125000 0.125000
0.125000 0.062500
0.093750 0.937500
0.093750 0.875000
0.093750 0.812500
0.093750 0.750000
0.093750 0.687500
0.093750 0.625000
0.093750 0.562500
0.093750 0.500000
0.093750 0.437500
0.093750 0.375000
0.093750 0.312500
0.093750 0.250000
0.093750 0.187500
0.093750 0.125000
0.093750 0.062500
0.062500 0.937500
0.062500 0.875000
0.062500 0.812500
0.062500 0.750000
0.062500 0.687500
0.062500 0.625000
0.062500 0.562500
0.062500 0.500000
0.062500 0.437500
0.062500 0.375000
0.062500 0.312500
0.062500 0.250000
0.062500 0.187500
0.062500 0.125000
0.062500 0.062500
0.031250 0.937500
0.031250 0.875000
0.031250 0.812500
0.031250 0.750000
0.031250 0.687500
0.031250 0.625000
0.031250 0.562500
0.031250 0.500000
0.031250 0.437500
0.031250 0.375000
0.031250 0.312500
0.031250 0.250000
0.031250 0.187500
0.031250 0.125000
0.031250 0.062500
1.000000 0.937500
1.000000 0.875000
1.000000 0.812500
1.000000 0.750000
1.000000 0.687500
1.000000 0.625000
1.000000 0.562500
1.000000 0.500000
1.000000 0.437500
1.000000 0.375000
1.000000 0.312500
1.000000 0.250000
1.000000 0.187500
1.000000 0.125000
0.000000 0.062500
0.968750 0.937500
0.968750 0.875000
0.968750 0.812500
0.968750 0.750000
0.968750 0.687500
0.968750 0.625000
0.968750 0.562500
0.968750 0.500000
0.968750 0.437500
0.968750 0.375000
0.968750 0.312500
0.968750 0.250000
0.968750 0.187500
0.968750 0.125000
0.968750 0.062500
0.937500 0.937500
0.937500 0.875000
0.937500 0.812500
0.937500 0.750000
0.937500 0.687500
0.937500 0.625000
0.937500 0.562500
0.937500 0.500000
0.937500 0.437500
0.937500 0.375000
0.937500 0.312500
0.937500 0.250000
0.937500 0.187500
0.937500 0.125000
0.937500 0.062500
0.906250 0.937500
0.906250 0.875000
0.906250 0.812500
0.906250 0.750000
0.906250 0.687500
0.906250 0.625000
0.906250 0.562500
0.906250 0.500000
0.906250 0.437500
0.906250 0.375000
0.906250 0.312500
0.906250 0.250000
0.906250 0.187500
0.906250 0.125000
0.906250 0.062500
0.875000 0.937500
0.875000 0.875000
0.875000 0.812500
0.875000 0.750000
0.875000 0.687500
0.875000 0.625000
0.875000 0.562500
0.875000 0.500000
0.875000 0.437500
0.875000 0.375000
0.875000 0.312500
0.875000 0.250000
0.875000 0.187500
0.875000 0.125000
0.875000 0.062500
0.843750 0.937500
0.843750 0.875000
0.843750 0.812500
0.843750 0.750000
0.843750 0.687500
0.843750 0.625000
0.843750 0.562500
0.843750 0.500000
0.843750 0.437500
0.843750 0.375000
0.843750 0.312500
0.843750 0.250000
0.843750 0.187500
0.843750 0.125000
0.843750 0.062500
0.812500 0.937500
0.812500 0.875000
0.812500 0.812500
0.812500 0.750000
0.812500 0.687500
0.812500 0.625000
0.812500 0.562500
0.812500 0.500000
0.812500 0.437500
0.812500 0.375000
0.812500 0.312500
0.812500 0.250000
0.812500 0.187500
0.812500 0.125000
0.812500 0.062500
0.781250 0.937500
0.781250 0.875000
0.781250 0.812500
0.781250 0.750000
0.781250 0.687500
0.781250 0.625000
0.781250 0.562500
0.781250 0.500000
0.781250 0.437500
0.781250 0.375000
0.781250 0.312500
0.781250 0.250000
0.781250 0.187500
0.781250 0.125000
0.781250 0.062500
0.750000 0.375000
0.750000 0.312500
0.750000 0.250000
0.750000 0.125000
0.750000 0.062500
